555
444
666
333
777
222
888
111
999
000
567
456
678
345
789
234
123
543
432
654
321
765
876
987
544
445
454
566
665
656
533
335
353
577
775
757
522
225
252
588
885
858
511
115
151
599
995
959
500
005
050
455
554
545
466
664
646
433
334
343
477
774
747
422
224
242
488
884
848
411
114
141
499
994
949
400
004
040
655
556
565
644
446
464
633
336
363
677
776
767
622
226
262
688
886
868
611
116
161
699
996
969
600
006
060
355
553
535
344
443
434
366
663
636
377
773
737
322
223
232
388
883
838
311
113
131
399
993
939
300
003
030
755
557
575
744
447
474
766
667
676
733
337
373
722
227
272
788
887
878
711
117
171
799
997
979
700
007
070
255
552
525
244
442
424
266
662
626
233
332
323
277
772
727
288
882
828
211
112
121
299
992
929
200
002
020
855
558
585
844
448
484
866
668
686
833
338
383
877
778
787
822
228
282
811
118
181
899
998
989
800
008
080
155
551
515
144
441
414
166
661
616
133
331
313
177
771
717
122
221
212
188
881
818
199
991
919
100
001
010
955
559
595
944
449
494
966
669
696
933
339
393
977
779
797
922
229
292
988
889
898
911
119
191
900
009
090
055
550
505
044
440
404
066
660
606
033
330
303
077
770
707
022
220
202
088
880
808
011
110
101
099
990
909
501
502
498
503
497
504
496
495
506
507
493
508
492
509
491
510
490
489
512
513
487
514
486
485
516
517
483
518
482
519
481
520
480
521
479
478
523
524
476
475
526
527
473
528
472
529
471
530
470
531
469
532
468
467
534
465
536
537
463
538
462
539
461
540
460
541
459
542
458
457
546
547
453
548
452
549
451
450
560
561
439
562
438
563
437
564
436
435
568
569
431
570
430
571
429
572
428
573
427
574
426
425
576
423
578
579
421
580
420
581
419
582
418
583
417
584
416
415
586
587
413
412
589
590
410
591
409
592
408
593
407
594
406
405
596
597
403
598
402
401
601
602
398
603
397
604
396
605
395
394
607
608
392
609
391
610
390
389
612
613
387
614
386
615
385
384
617
618
382
619
381
620
380
621
379
378
623
624
376
625
375
374
627
628
372
629
371
630
370
631
369
632
368
367
634
635
365
364
637
638
362
639
361
640
360
641
359
642
358
643
357
356
645
354
647
648
352
649
351
650
350
651
349
652
348
653
347
346
657
658
342
659
341
340
670
671
329
672
328
673
327
674
326
675
325
324
679
680
320
681
319
682
318
683
317
684
316
685
315
314
687
312
689
690
310
691
309
692
308
693
307
694
306
695
305
304
697
698
302
301
701
702
298
703
297
704
296
705
295
706
294
293
708
709
291
710
290
289
712
713
287
714
286
715
285
716
284
283
718
719
281
720
280
721
279
278
723
724
276
725
275
726
274
273
728
729
271
730
270
731
269
732
268
267
734
735
265
736
264
263
738
739
261
740
260
741
259
742
258
743
257
256
745
746
254
253
748
749
251
750
250
751
249
752
248
753
247
754
246
245
756
243
758
759
241
760
240
761
239
762
238
763
237
764
236
235
768
769
231
230
780
781
219
782
218
783
217
784
216
785
215
786
214
213
790
210
791
209
792
208
793
207
794
206
795
205
796
204
203
798
201
801
802
198
803
197
804
196
805
195
806
194
807
193
192
809
810
190
189
812
813
187
814
186
815
185
816
184
817
183
182
819
820
180
821
179
178
823
824
176
825
175
826
174
827
173
172
829
830
170
831
169
832
168
167
834
835
165
836
164
837
163
162
839
840
160
841
159
842
158
843
157
156
845
846
154
847
153
152
849
850
150
851
149
852
148
853
147
854
146
145
856
857
143
142
859
860
140
861
139
862
138
863
137
864
136
865
135
134
867
132
869
870
130
871
129
872
128
873
127
874
126
875
125
124
879
120
890
891
109
892
108
893
107
894
106
895
105
896
104
897
103
102
901
902
098
903
097
904
096
905
095
906
094
907
093
908
092
091
910
089
912
913
087
914
086
915
085
916
084
917
083
918
082
081
920
921
079
078
923
924
076
925
075
926
074
927
073
928
072
071
930
931
069
932
068
067
934
935
065
936
064
937
063
938
062
061
940
941
059
942
058
943
057
056
945
946
054
947
053
948
052
051
950
951
049
952
048
953
047
954
046
045
956
957
043
958
042
041
960
961
039
962
038
963
037
964
036
965
035
034
967
968
032
031
970
971
029
972
028
973
027
974
026
975
025
976
024
023
978
021
980
981
019
982
018
983
017
984
016
985
015
986
014
013
012
